,0
0,98133
1,98119
2,98042
3,98008
4,98052
5,98115
6,98038
7,98045
8,98155
9,98105
10,98074
11,98106
12,98007
13,98092
14,98198
15,98006
16,98102
17,98011
18,98125
19,98003
20,98136
21,98033
22,98029
23,98117
24,98034
25,98072
26,98023
27,98107
28,98166
29,98116
30,98024
31,98055
32,98077
33,98027
34,98059
35,98075
36,98014
37,98065
38,98199
39,98053
40,98058
41,98122
42,98103
43,98112
44,98005
45,98118
46,98177
47,98004
48,98019
49,98144
50,98168
51,98001
52,98056
53,98146
54,98028
55,98148
56,98057
57,98040
58,98010
59,98051
60,98031
61,98109
62,98030
63,98126
64,98032
65,98178
66,98288
67,98108
68,98070
69,98188
70,98002
71,98039
72,98022
73,98068
74,98047
75,98050
76,98354
